46061
46075
46076
46078
46106
46080
46108
46021
46060
46077
46079
46105
46107
46265
46001
46066
46004
46184
46082
46083
46084
46085
46205
46145
46147
46183
46185
46204
46207
46208
46138
46002
46006
46059
46011
46012
46013
46014
46022
46023
46026
46027
46015
46025
46028
46030
46042
46047
46050
46053
46054
46062
46063
46069
46086
46089
46213
46214
46216
46217
46218
46219
46221
46222
46223
46224
46225
46227
46229
46231
46232
46215
46236
46237
46238
46239
46240
46243
46244
46246
46248
46024
46091
46092
46093
46094
46097
46098
46114
46212
46226
46233
46235
46242
46247
46249
46250
46251
46252
46253
46254
46255
46256
46257
46258
46259
46262
46005
46036
46132
46206
46029
46041
46087
46211
46088
46096
46099
46100
46119
46127
46139
46264
46035
46070
46073
46071
46072
46020
51001
51002
51003
51004
51201
51202
51000
51100
51101
51203
51204
51205
51206
51207
51028
51200
51208
51209
51210
52212
51211
51212
51213
52200
22101
22102
22103
22104
22105
52201
52202
52211
21178
21229
22108
22184
22185
22186
22187
22188
22189
22190
55020
55033
55035
55039
34002
42001
42002
42003
42007
42019
42020
42035
42036
42039
42040
42041
42038
42055
42099
42012
42887
42013
42014
42021
42022
42023
42043
42044
42045
42046
42047
42067
42097
42098
42360
42361
42362
42363
42364
42365
42369
42370
42374
42375
42376
42390
42392
42394
42395
42026
42078
42090
42056
42057
42058
42080
42059
32012
42060
41194
42085
42089
41052
41051
41056
41115
41117
42079
42086
42095
41001
41002
41004
41008
41009
41010
41012
41013
41025
41035
41036
41043
41046
41047
41048
41112
41113
41114
44014
41037
41038
41049
41044
41109
41110
41111
41053
41058
41024
41027
41029
41030
41033
41061
41062
41063
41064
41108
41159
44056
41116
41118
41119
44138
44011
44141
44142
WRB07
44137
44139
44140
44150
44004
44005
44008
44009
44017
44018
44025
44070
44024
44027
44037
44038
44251
44255
44099
44100
44066
44093
44095
44096
44097
44098
44007
44013
44020
44029
44030
44031
44032
44033
44034
44039
44040
44043
44054
44055
44058
44060
44061
44062
44063
44064
44065
44072
44089
44090
44091
44092
44094
44172
44235
44087
44022
44069
44073
44086
44088
44258
31201
31052
31260
31374
31051
31053
31375
41040
41041
41100
41101
41060
42087
42088
43010
52009
62001
62002
62029
62023
62052
62081
62090
62091
62092
62093
62094
62095
62103
62105
62106
62107
62108
62163
62301
62303
62305
62170
64045
64046
TFGSK
TFHFN
TFSRT
LF3F
62026
62109
62111
62112
62116
62117
62119
62128
62132
62133
62142
62143
62144
62145
62152
62162
62164
62304
63055
63056
63057
63103
63108
63110
63112
63113
63115
LF3J
LF4B
LF4H
LF4C
LF5U
EURO
K13
62024
62082
62084
62085
13130
13131
62118
62146
BSH01
BSH02
BSH03
BSH04
BSH05
62050
62114
62127
62148
62149
62165
63117
TFBLK
TFGRS
TFKGR
LF3N
LF5T
LDWR
3FYT
LFB1
LFB2
64071
48012
48114
48211
48212
48213
48214
48216
23092
23093
23094
23096
23097
23098
23099
23100
23101
23168
23169
23170
23172
23173
23174
56002
56005
56006
56007
AGULHAS_FA
56010
56012
23167
23171
23451
23455
23456
23491
23492
23493
23494
23495
32488
32487
41193
22106
22107
MAUR01
MAUR02
